Abrion Sector  (2859,2165)  (2815,2208)  (2815,2164)  (2902,2209)  (2859,2121)  (2903,2121)  (2903,2165)  (2771,2209)  (2771,2165)  (2946,2209)  (2946,2253)  (2727,2210)  (2727,2166)  (2683,2218)  (2683,2174)
Airam Sector  (684,2538)  (640,2581)  (640,2537)  (727,2582)  (684,2494)  (728,2496)  (638,2493)  (596,2556)  (771,2540)  (771,2584)  (721,2626)  (682,2450)  (594,2512)  (815,2583)  (550,2523)  
Alderaan Sector  (2944,1000)  (2896,1029)  (2991,1001)  (2956,954)  (2939,905)  (2910,955)  (2863,969)  (2939,1077)  (2988,1051)  (3036,1037)  
Anoat Sector  (633,2056)  (589,2099)  (589,2055)  (676,2100)  (633,2012)  (677,2012)  (677,2056)  (545,2123)  (545,2079)  (640,1968)  (501,2131)  (501,2087)  (657,1924)  (457,2138)  
Antemeridian Sector  (4086,1372)  (4042,1410)  (4042,1366)  (4130,1345)  (3998,1429)  (3998,1385)  (4174,1338)  (3954,1437)  (3954,1393)  (4218,1330)  (3910,1445)  (3910,1401)  (4262,1323)  (4262,1367)  (4306,1371)  
Arkanis Sector  (2407,2349)  (2395,2301)  (2345,2320)  (2297,2346)  (2248,2371)  (2356,2367)  (2306,2393)  (2376,2415)  (2425,2404)  (2425,2453)  (2448,2504)  (2466,2550)  
Ash Worlds  (4444,1204)  (4412,1254)  (4393,1302)  (4383,1353)  (4343,1312)  (4355,1258)  (4397,1205)  (4438,1156)  (4475,1108)  (4522,1098)  (4492,1156)  (4539,1145)  (4586,1106)  
Atrivis Sector  (2288,879)  (2244,891)  (2244,847)  (2331,923)  (2211,803)  (2255,803)  (2200,853)  (2375,910)  (2375,954)  (2224,759)  (2419,927)  (2238,715)  (2463,934)  
Bakura  (724,790)  (676,789)  (772,789)  (724,743)  (726,840)  (677,838)  (772,838)  (774,742)  (677,740)  (627,741)  (628,791)  (630,839)  (677,888)  (726,890)  (776,886)  (676,692)  (726,695)  (776,694)  (822,745)  (822,793)  (821,844)  
Bakura Orbit A  (541,793)  (556,837)  (527,749)  (570,881)  (545,705)  (589,673)  (603,925)  (633,636)  (647,954)  (704,966)  (677,620)  
Bakura Orbit B  (922,789)  (931,833)  (902,745)  (914,877)  (888,701)  (870,910)  (855,657)  (826,947)  (809,628)  (757,617)  (782,963)  
Bakura Sector  (910,449)  (866,492)  (866,448)  (953,493)  (910,405)  (954,405)  (954,449)  (865,404)  (893,536)  (849,536)  (822,492)  (822,448)  (963,361)  (998,405)  (998,449)  (1007,357)  (778,530)  (778,486)  (1042,404)  (734,529)  (734,485)  (690,529)  
Balmorra - Colonies  (3089,1817)  (3045,1860)  (3045,1816)  (3121,1773)  (3133,1817)  (3165,1751)  (3001,1877)  (3001,1833)  (3001,1789)  (3177,1795)  (3209,1716)  (2957,1826)  (2939,1782)  
Bastion  (2820,255)  (2772,255)  (2867,256)  (2822,206)  (2819,304)  (2771,303)  (2869,305)  (2869,207)  (2775,207)  (2723,257)  (2726,210)  (2722,304)  (2765,353)  (2815,350)  (2864,354)  (2774,156)  (2822,159)  (2873,159)  (2916,210)  (2918,260)  (2918,311)  
Bastion Orbit A  (2626,263)  (2643,307)  (2614,219)  (2657,351)  (2632,175)  (2676,143)  (2690,395)  (2720,106)  (2734,424)  (2791,436)  (2764,90)  
Bastion Orbit B  (3008,258)  (3019,302)  (2989,214)  (3001,346)  (2975,170)  (2957,380)  (2941,126)  (2913,417)  (2896,98)  (2844,87)  (2869,433)  
Bespin  (875,1587)  (826,1587)  (872,1537)  (874,1636)  (922,1589)  (825,1539)  (921,1540)  (825,1636)  (924,1638)  (921,1494)  (870,1487)  (821,1491)  (778,1540)  (777,1590)  (780,1639)  (826,1685)  (872,1686)  (923,1687)  (971,1541)  (970,1593)  (974,1643)  
Bespin Orbit A  (683,1589)  (700,1633)  (670,1545)  (714,1677)  (687,1501)  (731,1468)  (748,1721)  (775,1431)  (793,1749)  (847,1760)  (819,1414)  
Bespin Orbit B  (1065,1583)  (1074,1627)  (1045,1539)  (1057,1671)  (1031,1495)  (1013,1704)  (998,1451)  (969,1741)  (952,1422)  (900,1411)  (925,1757)  
Bootana Hutta  (3871,1857)  (3870,1904)  (3883,1811)  (3931,1809)  (3920,1866)  (3823,1888)  (3826,1841)  (3776,1871)  (3980,1843)  
Bothan Space  (3111,2107)  (3067,2150)  (3067,2106)  (3144,2063)  (3155,2107)  (3188,2056)  (3061,2194)  (3023,2150)  (3023,2106)  (3199,2100)  (3017,2200)  (3232,2048)  (3243,2092)  (3029,2244)  (3276,2048)  (3287,2092)  (3331,2101)  
Bothawui Coastal Areas  (3271,2341)  (3224,2341)  (3319,2341)  (3178,2341)  (3368,2341)  (3176,2292)  (3224,2292)  (3272,2293)  (3320,2294)  (3367,2295)  (3241,2247)  (3290,2247)  
Bothawui Inlands  (3270,2395)  (3222,2396)  (3318,2396)  (3175,2395)  (3367,2394)  (3175,2444)  (3224,2444)  (3271,2445)  (3318,2444)  (3369,2443)  (3245,2490)  (3292,2492)  
Bothawui Orbit A  (3082,2370)  (3095,2414)  (3067,2326)  (3109,2458)  (3084,2282)  (3128,2251)  (3141,2502)  (3172,2214)  (3186,2532)  (3216,2198)  (3243,2544)  
Bothawui Orbit B  (3463,2368)  (3470,2412)  (3442,2324)  (3452,2456)  (3428,2280)  (3408,2490)  (3395,2236)  (3364,2526)  (3351,2207)  (3296,2195)  (3320,2542)  
Bozhnee Sector  (802,2278)  (758,2321)  (758,2277)  (845,2322)  (802,2234)  (846,2267)  (756,2233)  (889,2311)  (800,2190)  (749,2189)  (933,2330)  (749,2145)  (749,2101)  (749,2057)  (770,2013)  
Brak Sector  (2424,2140)  (2380,2183)  (2380,2139)  (2467,2184)  (2424,2096)  (2468,2105)  (2378,2095)  (2389,2227)  (2511,2149)  (2363,2051)  (2407,2051)  (2555,2137)  (2364,2007)  
Braxant Sector  (2551,139)  (2507,182)  (2507,138)  (2561,183)  (2551,95)  (2595,95)  (2517,226)  (2639,54)  (2555,270)  
Brema Sector  (1234,1779)  (1190,1822)  (1190,1778)  (1277,1823)  (1234,1735)  (1278,1735)  (1278,1779)  (1188,1734)  (1233,1866)  (1146,1837)  (1146,1793)  (1232,1691)  (1276,1691)  (1144,1749)  (1102,1827)  (1284,1647)  (1100,1783)  (1056,1825)  
Cadavine Sector  (1792,2835)  (1748,2878)  (1748,2834)  (1835,2879)  (1814,2791)  (1836,2835)  (1858,2776)  (1704,2875)  (1704,2831)  (1879,2879)  (1880,2820)  (1902,2749)  (1660,2872)  (1660,2828)  (1630,2784)  (1616,2869)  
Calamari  (4651,1383)  (4604,1383)  (4699,1383)  (4651,1432)  (4651,1335)  (4603,1334)  (4602,1431)  (4701,1431)  (4699,1335)  (4747,1382)  (4748,1334)  (4699,1287)  (4650,1286)  (4601,1287)  (4552,1335)  (4552,1386)  (4554,1434)  (4604,1481)  (4654,1481)  (4704,1479)  (4750,1431)  
Calamari Orbit A  (4460,1384)  (4475,1428)  (4447,1340)  (4488,1472)  (4465,1296)  (4509,1265)  (4518,1516)  (4553,1229)  (4562,1546)  (4597,1213)  (4609,1559)  
Calamari Orbit B  (4839,1383)  (4850,1427)  (4821,1339)  (4833,1471)  (4807,1295)  (4789,1504)  (4774,1251)  (4745,1541)  (4728,1222)  (4676,1211)  (4701,1557)  
Calamari Sector  (4844,1120)  (4800,1160)  (4800,1116)  (4887,1164)  (4844,1076)  (4888,1076)  (4888,1120)  (4798,1072)  (4756,1138)  (4899,1208)  (4855,1208)  (4754,1094)  (4899,1252)  (4710,1126)  
Cegul Sector  (500,2657)  (456,2700)  (456,2656)  (543,2701)  (500,2613)  (544,2613)  (544,2657)  (454,2612)  (412,2702)  (412,2658)  (587,2701)  (537,2745)  (588,2634)  (410,2614)  (471,2568)  (368,2679)  (366,2635)  
Chommell sector  (1691,2208)  (1647,2251)  (1647,2207)  (1734,2252)  (1691,2164)  (1735,2176)  (1615,2295)  (1603,2251)  (1778,2231)  (1778,2275)  (1684,2120)  (1571,2320)  (1527,2361)  
Chopani Sector  (3085,390)  (3041,433)  (3070,346)  (3114,346)  (3158,305)  (3006,477)  (3078,302)  (2962,497)  (2918,517)  (2874,537)  (2830,541)  
Chorlian Sector  (4843,602)  (4799,641)  (4799,597)  (4886,646)  (4843,558)  (4887,558)  (4887,602)  (4905,690)  (4837,514)  (4881,514)  (4865,470)  
Colundra Sector  (4806,776)  (4762,812)  (4762,768)  (4849,820)  (4806,732)  (4850,750)  (4753,724)  (4718,785)  (4893,794)  (4893,838)  (4849,864)  (4709,741)  (4731,680)  (4903,882)
Core Worlds East  (2830,1107)  (2782,1107)  (2878,1108)  (2797,1153)  (2844,1157)  (2891,1155)  (2747,1057)  (2799,1060)  (2846,1059)  (2795,1014)  (2814,1201)  
Core Worlds North  (2707,1002)  (2658,1000)  (2707,900)  (2707,949)  (2657,951)  (2609,940)  (2610,986)  (2563,959)  (2515,976)  (2756,953)  
Core Worlds South  (2482,1519)  (2438,1545)  (2438,1501)  (2526,1504)  (2394,1545)  (2394,1501)  (2570,1504)  (2383,1457)  (2350,1545)  (2350,1501)  (2614,1501)  (2614,1545)  (2339,1457)  (2338,1413)  (2310,1369)  (2306,1515)  (2658,1488)  (2658,1532)  (2295,1462)  (2294,1418)  (2287,1325)  (2702,1465)  (2702,1509)  
Core Worlds West  (2269,1111)  (2225,1126)  (2296,1155)  (2301,1067)  (2313,1111)  (2252,1170)  (2345,1050)  (2287,1214)  
Corellia Flatlands  (2617,1851)  (2569,1851)  (2665,1851)  (2522,1852)  (2713,1851)  (2522,1804)  (2569,1805)  (2618,1804)  (2667,1804)  (2717,1805)  (2589,1758)  (2636,1759)  
Corellia Hillside  (2623,1949)  (2623,1905)  (2667,1905)  (2667,1949)  (2711,1905)  (2574,1905)  (2524,1906)  (2525,1954)  (2574,1956)  (2712,1951)  (2595,1999)  (2643,1999)  
Corellia Orbit A  (2429,1880)  (2443,1924)  (2415,1836)  (2457,1968)  (2432,1792)  (2476,1761)  (2489,2012)  (2520,1724)  (2534,2042)  (2564,1708)  (2591,2054)  
Corellia Orbit B  (2812,1879)  (2818,1923)  (2790,1835)  (2800,1967)  (2776,1791)  (2756,2000)  (2744,1747)  (2712,2036)  (2699,1717)  (2668,2052)  (2644,1705)  
Corellian Sector  (2443,1631)  (2399,1674)  (2399,1630)  (2487,1596)  (2487,1640)  (2399,1718)  (2531,1596)  (2374,1762)  (2575,1596)  (2619,1596)  (2663,1596)  (2707,1612)  
Corporate Sector  (4508,487)  (4464,530)  (4510,531)  (4520,443)  (4564,431)  (4466,574)  (4422,574)  (4545,387)  (4589,387)  (4378,554)  
Coruscant Factory District  (2521,1263)  (2520,1309)  (2474,1233)  (2473,1284)  (2471,1331)  (2428,1219)  (2426,1270)  (2521,1357)  
Coruscant Orbit A  (2360,1247)  (2376,1291)  (2346,1203)  (2390,1335)  (2363,1159)  (2407,1126)  (2424,1379)  (2451,1089)  (2469,1407)  (2523,1418)  (2495,1072)  
Coruscant Orbit B  (2742,1240)  (2751,1284)  (2721,1196)  (2733,1328)  (2707,1152)  (2689,1362)  (2673,1108)  (2645,1399)  (2628,1080)  (2576,1069)  (2601,1415)  
Coruscant Residential Districts  (2573,1263)  (2573,1311)  (2574,1358)  (2622,1230)  (2621,1278)  (2621,1328)  (2667,1227)  (2667,1277)  
Coruscant Senate District  (2546,1208)  (2546,1161)  (2546,1115)  (2498,1184)  (2498,1135)  (2594,1181)  (2595,1132)  (2453,1163)  (2642,1162)  
Corva Sector  (3690,48)  (3734,48)  (3778,48)  (3822,48)  (3639,47)  (3591,48)  (3543,77)  (3533,127)  (3594,99)  (3646,101)  (3694,97)  (3585,149)  
D-Astan Sector  (3442,532)  (3443,483)  (3394,501)  (3393,454)  (3392,406)  (3342,387)  (3342,435)  (3344,483)  (3294,421)  (3491,509)  
Dalicron Sector  (568,2216)  (524,2259)  (524,2215)  (602,2172)  (612,2216)  (646,2165)  (480,2280)  (480,2236)  (656,2209)  (690,2158)  (436,2236)  
Dantooine Grasslands  (2506,648)  (2459,648)  (2554,649)  (2603,650)  (2410,649)  (2413,601)  (2463,600)  (2512,598)  (2556,598)  (2604,604)  (2477,553)  (2524,553)  
Dantooine Mountains  (2507,700)  (2556,701)  (2461,699)  (2413,698)  (2603,700)  (2412,746)  (2462,747)  (2510,748)  (2556,751)  (2605,750)  (2477,794)  (2522,795)  
Dantooine Orbit A  (2318,675)  (2329,719)  (2300,631)  (2343,763)  (2318,587)  (2362,555)  (2376,807)  (2406,518)  (2420,836)  (2477,848)  (2450,502)  
Dantooine Orbit B  (2698,673)  (2704,717)  (2676,629)  (2686,761)  (2662,585)  (2642,794)  (2630,541)  (2598,830)  (2585,511)  (2554,846)  (2530,499)  
Dantus Sector  (1781,191)  (1737,234)  (1737,190)  (1824,235)  (1781,147)  (1825,147)  (1825,191)  (1735,146)  (1780,278)  (1736,278)  (1869,115)  (1869,159)  (1691,167)  (1782,322)  (1913,111)  (1913,155)  (1774,366)  (1957,125)  
Devaron Space  (2197,1525)  (2153,1568)  (2203,1569)  (2173,1481)  (2217,1481)  (2241,1525)  (2109,1605)  (2184,1437)  (2228,1437)  (2065,1622)  (2186,1393)  (2021,1639)  (1977,1656)  
Doldur Sector  (2193,2269)  (2149,2312)  (2149,2268)  (2221,2313)  (2193,2225)  (2237,2225)  (2237,2269)  (2138,2356)  (2105,2312)  (2105,2268)  (2252,2181)  (2281,2225)  (2281,2269)  (2094,2367)  (2296,2166)  (2305,2122)  
Duro Jungles  (2081,1998)  (2032,1998)  (2129,1999)  (1984,1998)  (2179,1998)  (1985,2045)  (2034,2048)  (2081,2047)  (2130,2049)  (2178,2047)  (2057,2093)  (2104,2092)  
Duro Orbit A  (1888,1972)  (1907,2016)  (1879,1928)  (1920,2060)  (1897,1884)  (1941,1852)  (1952,2104)  (1985,1816)  (1996,2134)  (2029,1800)  (2041,2146)  
Duro Orbit B  (2274,1973)  (2282,2017)  (2254,1929)  (2263,2061)  (2241,1885)  (2219,2094)  (2209,1841)  (2175,2129)  (2165,1811)  (2131,2145)  (2120,1799)  
Duro Sector  (2254,1682)  (2210,1725)  (2210,1681)  (2297,1726)  (2254,1638)  (2298,1638)  (2298,1682)  (2208,1637)  (2166,1718)  (2320,1770)  (2276,1770)  (2164,1674)  (2318,1814)  (2120,1710)  (2076,1710)  (2032,1711)  (1988,1720)  
Duro Wastelands  (2079,1943)  (2033,1942)  (2129,1943)  (1986,1943)  (2175,1942)  (1984,1894)  (2033,1895)  (2079,1895)  (2126,1897)  (2176,1898)  (2055,1847)  (2103,1848)
Dynali Sector  (2392,123)  (2348,158)  (2348,114)  (2435,167)  (2392,79)  (2436,123)  (2391,202)  (2304,84)  (2436,79)
Elrood Sector  (1212,2587)  (1168,2630)  (1168,2586)  (1255,2631)  (1212,2543)  (1256,2543)  (1256,2587)  (1166,2542)  (1211,2674)  (1167,2674)  (1124,2630)  (1124,2586)  (1273,2675)  (1123,2675)  (1210,2499)  (1254,2499)  (1300,2514)  (1300,2558)  (1300,2602)  (1080,2631)  (1079,2684)  (1209,2455)  
Endor Moon  (446,1257)  (397,1257)  (445,1209)  (446,1305)  (493,1256)  (397,1210)  (398,1307)  (495,1306)  (494,1207)  (495,1159)  (445,1161)  (396,1164)  (347,1212)  (350,1260)  (353,1307)  (396,1354)  (443,1353)  (493,1358)  (541,1208)  (544,1258)  (544,1306)  
Endor Orbit A  (252,1257)  (271,1301)  (243,1213)  (284,1345)  (261,1169)  (305,1137)  (316,1389)  (349,1101)  (360,1419)  (393,1085)  (405,1431)  
Endor Orbit B  (636,1255)  (646,1299)  (617,1211)  (629,1343)  (603,1167)  (585,1376)  (570,1123)  (541,1413)  (524,1094)  (472,1083)  (497,1429)  
Epsi Collective  (1430,1797)  (1386,1840)  (1386,1796)  (1473,1841)  (1430,1753)  (1474,1753)  (1474,1797)  (1384,1752)  (1493,1885)  (1449,1885)  
Esstran Sector  (4164,580)  (4120,623)  (4120,579)  (4181,624)  (4164,536)  (4208,550)  (4118,535)  (4225,594)  (4090,491)  (4269,558)  
Etti Mossy Plains  (4294,323)  (4246,323)  (4343,322)  (4197,321)  (4392,323)  (4295,368)  (4246,367)  (4345,369)  (4200,366)  (4388,368)  (4250,413)  (4297,414)  (4345,413)  
Etti Orbit A  (4105,298)  (4119,342)  (4091,254)  (4133,386)  (4108,210)  (4152,179)  (4165,430)  (4196,142)  (4210,460)  (4240,126)  (4267,472)  
Etti Orbit B  (4491,296)  (4494,340)  (4466,252)  (4476,384)  (4452,208)  (4432,418)  (4419,164)  (4388,454)  (4375,135)  (4320,123)  (4344,470)  
Etti Seaside  (4292,268)  (4245,269)  (4340,268)  (4194,267)  (4292,221)  (4245,222)  (4341,222)  (4291,173)  (4197,224)  (4244,180)  (4340,179)  (4388,222)  (4390,268)  
Extragalactic A  (158,2801)  (114,2844)  (114,2800)  (201,2845)  (158,2757)  (202,2757)  (202,2801)  (112,2756)  (157,2888)  (113,2888)  (70,2844)  (70,2800)  (245,2845)  (245,2889)  (201,2889)  (69,2889)  (156,2713)  (200,2713)  (244,2713)  (246,2757)  (246,2801)  (68,2756)  (68,2712)  (112,2712)  (288,2708)  (157,2932)  (113,2932)  (26,2845)  (26,2801)  (289,2845)  (289,2889)  (289,2933)  (245,2933)  (201,2933)  (69,2933)  (25,2933)  (25,2889)  (156,2669)  (200,2669)  (290,2752)  (290,2796)  (24,2757)  (24,2713)  (24,2669)  (68,2668)  (112,2668)  (333,2840)  (333,2884)  (333,2928)  (3,2625)  (156,2625)  (334,2737)  (334,2781)  (47,2624)  (91,2624)  (377,2825)  (377,2869)  (377,2913)  (3,2581)  (135,2581)  (378,2759)  (47,2580)  (91,2580)  (421,2803)  (421,2847)  (421,2891)  (421,2935)  (3,2537)  (135,2537)  (47,2536)  (91,2536)  (465,2792)  (465,2836)  (465,2880)  (465,2924)  (3,2493)  (47,2492)  (91,2492)  (509,2805)  (509,2849)  (509,2893)  (509,2937)  (3,2449)  (47,2448)  (91,2448)  (553,2816)  (553,2860)  (553,2904)  (553,2948)  (3,2405)  (47,2404)  (91,2404)  (597,2826)  (597,2870)  (597,2914)  (3,2361)  (47,2360)  (91,2360)  (641,2835)  (641,2879)  (641,2923)  (3,2317)  (47,2316)  (685,2842)  (685,2886)  (685,2930)  (3,2273)  (47,2272)  (729,2849)  (729,2893)  (729,2937)  (3,2229)  (47,2228)  (773,2855)  (773,2899)  (773,2943)  (3,2185)  (47,2184)  (817,2860)  (817,2904)  (817,2948)  (3,2141)  (47,2140)  (861,2865)  (861,2909)  (3,2097)  (47,2096)  (905,2870)  (905,2914)  (3,2053)  (47,2052)  (949,2874)  (949,2918)  (3,2009)  (47,2008)  (993,2877)  (993,2921)  (3,1965)  (47,1964)  (1037,2881)  (1037,2925)  (3,1921)  (47,1920)  (1081,2884)  (1081,2928)  (3,1877)  (47,1876)  (1125,2887)  (1125,2931)  (3,1833)  (47,1832)  (1169,2890)  (1169,2934)  (3,1789)  (47,1788)  (1213,2894)  (1213,2938)  (3,1745)  (47,1744)  (1257,2897)  (1257,2941)  (3,1701)  (47,1700)  (1301,2900)  (1301,2944)  (3,1657)  (47,1656)  (1345,2903)  (1345,2947)  (3,1613)  (47,1612)  (1389,2907)  (1389,2951)  (3,1569)  (47,1568)  (1433,2910)  (3,1525)  (47,1524)  (1477,2913)  (3,1481)  (47,1480)  (1521,2916)  (3,1437)  (47,1436)  (1565,2919)  (3,1393)  (47,1392)  (1609,2922)  (3,1349)  (47,1348)  (1653,2925)  (3,1305)  (47,1304)  (1697,2928)  (3,1261)  (47,1260)  (1741,2931)  (3,1217)  (47,1216)  (1785,2934)  (3,1173)  (47,1172)  (91,1158)  (1829,2937)  (3,1129)  (47,1128)  (91,1114)  (1873,2939)  (3,1085)  (47,1084)  (91,1070)  (135,1061)  (1917,2942)  (3,1041)  (47,1040)  (91,1026)  (135,1017)  (1961,2944)  (3,997)  (47,996)  (91,982)  (135,973)  (179,970)  (2005,2946)  (3,953)  (47,952)  (91,938)  (135,929)  (179,926)  (2049,2948)  (3,909)  (47,908)  (223,895)  (91,894)  (135,885)  (179,882)  (2093,2949)  (3,865)  (47,864)  (223,851)  (91,850)  (135,841)  (179,838)  (267,835)  (2137,2950)  (3,821)  (47,820)  (223,807)  (91,806)  (135,797)  (179,794)  (267,791)  (311,786)  (2181,2950)  (3,777)  (47,776)  (223,763)  (91,762)  (135,753)  (179,750)  (267,747)  (311,742)  (355,740)  (3,733)  (47,732)  (223,719)  (91,718)  (135,709)  (179,706)  (267,703)  (311,698)  (355,696)  (399,692)  (3,689)  (47,688)  (223,675)  (91,674)  (135,665)  (179,662)  (267,659)  (311,654)  (355,652)  (399,648)  (443,646)  (3,645)  (47,644)  (223,631)  (91,630)  (135,621)  (179,618)  (267,615)  (311,610)  (355,608)  (399,604)  (443,602)  (3,601)  (47,600)  (487,600)  (223,587)  (91,586)  (135,577)  (179,574)  (267,571)  (311,566)  (355,564)  (399,560)  (443,558)  (3,557)  (47,556)  (487,556)  (531,556)  (223,543)  (91,542)  (135,533)  (179,530)  (267,527)  (311,522)  (355,520)  (399,516)  (575,515)  (443,514)  (3,513)  (47,512)  (487,512)  (531,512)  (223,499)  (91,498)  (135,489)  (179,486)  (267,483)  (311,478)  (619,478)  (355,476)  (399,472)  (575,471)  (443,470)  (3,469)  (47,468)  (487,468)  (531,468)  (223,455)  (91,454)  (135,445)  (663,445)  (179,442)  (267,439)  (311,434)  (619,434)  (355,432)  (399,428)  (575,427)  (443,426)  (3,425)  (47,424)  (487,424)  (531,424)  (707,415)  (223,411)  (91,410)  (135,401)  (663,401)  (179,398)  (267,395)  (311,390)  (619,390)  (355,388)  (751,388)  (399,384)  (575,383)  (443,382)  (3,381)  (47,380)  (487,380)  (531,380)  (707,371)  (223,367)  (91,366)  (795,365)  (135,357)  (663,357)  (179,354)  (267,351)  (311,346)  (619,346)  (355,344)  (751,344)  (839,344)  (399,340)  (575,339)  (443,338)  (3,337)  (47,336)  (487,336)  (531,336)  (707,327)  (883,324)  (223,323)  (91,322)  (795,321)  (135,313)  (663,313)  (179,310)  (267,307)  (927,306)  (311,302)  (619,302)  (355,300)  (751,300)  (839,300)  (399,296)  (575,295)  (443,294)  (3,293)  (47,292)  (487,292)  (531,292)  (971,289)  (707,283)  (883,280)  (223,279)  (91,278)  (795,277)  (1015,273)  (135,269)  (663,269)  (179,266)  (267,263)  (927,262)  (311,258)  (619,258)  (1059,258)  (355,256)  (751,256)  (839,256)  (399,252)  (575,251)  (443,250)  (3,249)  (47,248)  (487,248)  (531,248)  (971,245)  (1103,242)  (707,239)  (883,236)  (223,235)  (91,234)  (795,233)  (1015,229)  (1147,228)  (135,225)  (663,225)  (179,222)  (267,219)  (927,218)  (311,214)  (619,214)  (1059,214)  (1191,213)  (355,212)  (751,212)  (839,212)  (399,208)  (575,207)  (443,206)  (3,205)  (47,204)  (487,204)  (531,204)  (971,201)  (1235,199)  (1103,198)  (707,195)  (883,192)  (223,191)  (91,190)  (795,189)  (1015,185)  (1147,184)  (1279,184)  (135,181)  (663,181)  (179,178)  (267,175)  (927,174)  (311,170)  (619,170)  (1059,170)  (1323,170)  (1191,169)  (355,168)  (751,168)  (839,168)  (399,164)  (575,163)  (443,162)  (3,161)  (47,160)  (487,160)  (531,160)  (971,157)  (1367,156)  (1235,155)  (1103,154)  (707,151)  (883,148)  (223,147)  (91,146)  (795,145)  (1411,142)  (1015,141)  (1147,140)  (1279,140)  (135,137)  (663,137)  (179,134)  (267,131)  (927,130)  (1455,130)  (311,126)  (619,126)  (1059,126)  (1323,126)  (1191,125)  (355,124)  (751,124)  (839,124)  (399,120)  (575,119)  (443,118)  (1499,118)  (3,117)  (47,116)  (487,116)  (531,116)  (971,113)  (1367,112)  (1235,111)  (1103,110)  (707,107)  (1543,107)  (883,104)  (223,103)  (91,102)  (795,101)  (1411,98)  (1587,98)  (1015,97)  (1147,96)  (1279,96)  (135,93)  (663,93)  (179,90)  (1631,90)  (267,87)  (927,86)  (1455,86)  (1675,83)  (311,82)  (619,82)  (1059,82)  (1323,82)  (1191,81)  (355,80)  (751,80)  (839,80)  (399,76)  (1719,76)  (575,75)  (443,74)  (1499,74)  (3,73)  (47,72)  (487,72)  (531,72)  (1763,70)  (971,69)  (1367,68)  (1235,67)  (1103,66)  (1807,66)  (707,63)  (1543,63)  (1851,62)  (883,60)  (223,59)  (91,58)  (1895,58)  (795,57)  (1411,54)  (1587,54)  (1939,54)  (1015,53)  (1147,52)  (1279,52)  (1983,50)  (135,49)  (663,49)  (179,46)  (1631,46)  (2027,46)  (267,43)  (927,42)  (1455,42)  (2071,42)  (1675,39)  (311,38)  (619,38)  (1059,38)  (1323,38)  (2115,38)  (1191,37)  (355,36)  (751,36)  (839,36)  (2159,34)  (399,32)  (1719,32)  (575,31)  (443,30)  (1499,30)  (2203,30)  (3,29)  (47,28)  (487,28)  (531,28)  (1763,26)  (2247,26)  (971,25)  (1367,24)  (1235,23)  (1103,22)  (1807,22)  (2291,22)  (707,19)  (1543,19)  (1851,18)  (2335,18)  (883,16)  (223,15)  (91,14)  (1895,14)  (2379,14)  (795,13)  (2423,12)  (1411,10)  (1587,10)  (1939,10)  (1015,9)  (2467,9)  (1147,8)  (1279,8)  (2511,7)  (1983,6)  (135,5)  (663,5)  (2555,4)  (2599,3)  
Extragalactic B  (4856,115)  (4812,158)  (4812,114)  (4899,159)  (4856,71)  (4900,71)  (4900,115)  (4810,70)  (4855,202)  (4811,202)  (4768,158)  (4768,114)  (4943,159)  (4943,203)  (4899,203)  (4767,203)  (4854,27)  (4898,27)  (4942,27)  (4944,71)  (4944,115)  (4766,70)  (4766,26)  (4810,26)  (4855,246)  (4811,246)  (4724,159)  (4724,115)  (4952,247)  (4908,247)  (4722,71)  (4722,27)  (4864,290)  (4680,151)  (4952,291)  (4908,291)  (4678,107)  (4678,63)  (4678,19)  (4952,335)  (4908,335)  (4634,118)  (4634,74)  (4634,30)  (4952,379)  (4908,379)  (4590,90)  (4590,46)  (4952,423)  (4546,66)  (4546,22)  (4952,467)  (4502,48)  (4502,4)  (4952,511)  (4458,34)  (4952,555)  (4414,25)  (4370,18)  (4326,13)  (4282,9)  (4238,6)  (4194,4)  (4952,1048)  (4952,1092)  (4952,1136)  (4952,1180)  (4952,1224)  (4952,1268)  (4952,1312)  (4952,1356)  (4952,1400)  (4952,1444)  (4952,1488)  (4952,1532)  (4908,1558)  (4952,1576)  (4908,1602)  (4952,1620)  (4864,1633)  (4908,1646)  (4952,1664)  (4864,1677)  (4908,1690)  (4820,1693)  (4952,1708)  (4864,1721)  (4908,1734)  (4820,1737)  (4776,1746)  (4952,1752)  (4864,1765)  (4908,1778)  (4820,1781)  (4776,1790)  (4732,1792)  (4952,1796)  (4864,1809)  (4908,1822)  (4820,1825)  (4776,1834)  (4732,1836)  (4688,1836)  (4952,1840)  (4864,1853)  (4908,1866)  (4820,1869)  (4644,1877)  (4776,1878)  (4732,1880)  (4688,1880)  (4952,1884)  (4864,1897)  (4908,1910)  (4820,1913)  (4600,1917)  (4644,1921)  (4776,1922)  (4732,1924)  (4688,1924)  (4952,1928)  (4864,1941)  (4908,1954)  (4556,1956)  (4820,1957)  (4600,1961)  (4644,1965)  (4776,1966)  (4732,1968)  (4688,1968)  (4952,1972)  (4864,1985)  (4512,1994)  (4908,1998)  (4556,2000)  (4820,2001)  (4600,2005)  (4644,2009)  (4776,2010)  (4732,2012)  (4688,2012)  (4952,2016)  (4864,2029)  (4468,2033)  (4512,2038)  (4908,2042)  (4556,2044)  (4820,2045)  (4600,2049)  (4644,2053)  (4776,2054)  (4732,2056)  (4688,2056)  (4952,2060)  (4424,2071)  (4864,2073)  (4468,2077)  (4512,2082)  (4908,2086)  (4556,2088)  (4820,2089)  (4600,2093)  (4644,2097)  (4776,2098)  (4732,2100)  (4688,2100)  (4952,2104)  (4380,2108)  (4424,2115)  (4864,2117)  (4468,2121)  (4512,2126)  (4908,2130)  (4556,2132)  (4820,2133)  (4600,2137)  (4644,2141)  (4776,2142)  (4732,2144)  (4688,2144)  (4336,2146)  (4952,2148)  (4380,2152)  (4424,2159)  (4864,2161)  (4468,2165)  (4512,2170)  (4908,2174)  (4556,2176)  (4820,2177)  (4600,2181)  (4292,2184)  (4644,2185)  (4776,2186)  (4732,2188)  (4688,2188)  (4336,2190)  (4952,2192)  (4380,2196)  (4424,2203)  (4864,2205)  (4468,2209)  (4512,2214)  (4908,2218)  (4556,2220)  (4820,2221)  (4248,2222)  (4600,2225)  (4292,2228)  (4644,2229)  (4776,2230)  (4732,2232)  (4688,2232)  (4336,2234)  (4952,2236)  (4380,2240)  (4424,2247)  (4864,2249)  (4468,2253)  (4204,2257)  (4512,2258)  (4908,2262)  (4556,2264)  (4820,2265)  (4248,2266)  (4600,2269)  (4292,2272)  (4644,2273)  (4776,2274)  (4732,2276)  (4688,2276)  (4336,2278)  (4952,2280)  (4380,2284)  (4424,2291)  (4160,2292)  (4864,2293)  (4468,2297)  (4204,2301)  (4512,2302)  (4908,2306)  (4556,2308)  (4820,2309)  (4248,2310)  (4600,2313)  (4292,2316)  (4644,2317)  (4776,2318)  (4732,2320)  (4688,2320)  (4336,2322)  (4952,2324)  (4116,2326)  (4380,2328)  (4424,2335)  (4160,2336)  (4864,2337)  (4468,2341)  (4204,2345)  (4512,2346)  (4908,2350)  (4556,2352)  (4820,2353)  (4248,2354)  (4600,2357)  (4072,2357)  (4292,2360)  (4644,2361)  (4776,2362)  (4732,2364)  (4688,2364)  (4336,2366)  (4952,2368)  (4116,2370)  (4380,2372)  (4424,2379)  (4160,2380)  (4864,2381)  (4468,2385)  (4028,2388)  (4204,2389)  (4512,2390)  (4908,2394)  (4556,2396)  (4820,2397)  (4248,2398)  (4600,2401)  (4072,2401)  (4292,2404)  (4644,2405)  (4776,2406)  (4732,2408)  (4688,2408)  (4336,2410)  (4952,2412)  (4116,2414)  (4380,2416)  (3984,2418)  (4424,2423)  (4160,2424)  (4864,2425)  (4468,2429)  (4028,2432)  (4204,2433)  (4512,2434)  (4908,2438)  (4556,2440)  (4820,2441)  (4248,2442)  (4600,2445)  (4072,2445)  (3940,2447)  (4292,2448)  (4644,2449)  (4776,2450)  (4732,2452)  (4688,2452)  (4336,2454)  (4952,2456)  (4116,2458)  (4380,2460)  (3984,2462)  (4424,2467)  (4160,2468)  (4864,2469)  (4468,2473)  (4028,2476)  (4204,2477)  (3896,2477)  (4512,2478)  (4908,2482)  (4556,2484)  (4820,2485)  (4248,2486)  (4600,2489)  (4072,2489)  (3940,2491)  (4292,2492)  (4644,2493)  (4776,2494)  (4732,2496)  (4688,2496)  (4336,2498)  (4952,2500)  (4116,2502)  (4380,2504)  (3984,2506)  (3852,2506)  (4424,2511)  (4160,2512)  (4864,2513)  (4468,2517)  (4028,2520)  (4204,2521)  (3896,2521)  (4512,2522)  (4908,2526)  (4556,2528)  (4820,2529)  (4248,2530)  (4600,2533)  (4072,2533)  (3808,2534)  (3940,2535)  (4292,2536)  (4644,2537)  (4776,2538)  (4732,2540)  (4688,2540)  (4336,2542)  (4952,2544)  (4116,2546)  (4380,2548)  (3984,2550)  (3852,2550)  (4424,2555)  (4160,2556)  (4864,2557)  (4468,2561)  (3764,2562)  (4028,2564)  (4204,2565)  (3896,2565)  (4512,2566)  (4908,2570)  (4556,2572)  (4820,2573)  (4248,2574)  (4600,2577)  (4072,2577)  (3808,2578)  (3940,2579)  (4292,2580)  (4644,2581)  (4776,2582)  (4732,2584)  (4688,2584)  (4336,2586)  (4952,2588)  (3720,2589)  (4116,2590)  (4380,2592)  (3984,2594)  (3852,2594)  (4424,2599)  (4160,2600)  (4864,2601)  (4468,2605)  (3764,2606)  (4028,2608)  (4204,2609)  (3896,2609)  (4512,2610)  (4908,2614)  (3676,2615)  (4556,2616)  (4820,2617)  (4248,2618)  (4600,2621)  (4072,2621)  (3808,2622)  (3940,2623)  (4292,2624)  (4644,2625)  (4776,2626)  (4732,2628)  (4688,2628)  (4336,2630)  (4952,2632)  (3720,2633)  (4116,2634)  (4380,2636)  (3984,2638)  (3852,2638)  (3632,2640)  (4424,2643)  (4160,2644)  (4864,2645)  (4468,2649)  (3764,2650)  (4028,2652)  (4204,2653)  (3896,2653)  (4512,2654)  (4908,2658)  (3676,2659)  (4556,2660)  (4820,2661)  (4248,2662)  (3588,2663)  (4600,2665)  (4072,2665)  (3808,2666)  (3940,2667)  (4292,2668)  (4644,2669)  (4776,2670)  (4732,2672)  (4688,2672)  (4336,2674)  (4952,2676)  (3720,2677)  (4116,2678)  (4380,2680)  (3984,2682)  (3852,2682)  (3632,2684)  (3544,2685)  (4424,2687)  (4160,2688)  (4864,2689)  (4468,2693)  (3764,2694)  (4028,2696)  (4204,2697)  (3896,2697)  (4512,2698)  (4908,2702)  (3676,2703)  (4556,2704)  (4820,2705)  (3500,2705)  (4248,2706)  (3588,2707)  (4600,2709)  (4072,2709)  (3808,2710)  (3940,2711)  (4292,2712)  (4644,2713)  (4776,2714)  (4732,2716)  (4688,2716)  (4336,2718)  (4952,2720)  (3720,2721)  (4116,2722)  (4380,2724)  (3456,2724)  (3984,2726)  (3852,2726)  (3632,2728)  (3544,2729)  (4424,2731)  (4160,2732)  (4864,2733)  (4468,2737)  (3764,2738)  (4028,2740)  (4204,2741)  (3896,2741)  (3412,2741)  (4512,2742)  (4908,2746)  (3676,2747)  (4556,2748)  (4820,2749)  (3500,2749)  (4248,2750)  (3588,2751)  (4600,2753)  (4072,2753)  (3808,2754)  (3940,2755)  (4292,2756)  (4644,2757)  (3368,2757)  (4776,2758)  (4732,2760)  (4688,2760)  (4336,2762)  (4952,2764)  (3720,2765)  (4116,2766)  (4380,2768)  (3456,2768)  (3984,2770)  (3852,2770)  (3324,2771)  (3632,2772)  (3544,2773)  (4424,2775)  (4160,2776)  (4864,2777)  (4468,2781)  (3764,2782)  (4028,2784)  (4204,2785)  (3896,2785)  (3412,2785)  (3280,2785)  (4512,2786)  (4908,2790)  (3676,2791)  (4556,2792)  (4820,2793)  (3500,2793)  (4248,2794)  (3588,2795)  (4600,2797)  (4072,2797)  (3808,2798)  (3236,2798)  (3940,2799)  (4292,2800)  (4644,2801)  (3368,2801)  (4776,2802)  (4732,2804)  (4688,2804)  (4336,2806)  (4952,2808)  (3720,2809)  (4116,2810)  (4380,2812)  (3456,2812)  (3192,2812)  (3984,2814)  (3852,2814)  (3324,2815)  (3632,2816)  (3544,2817)  (4424,2819)  (4160,2820)  (4864,2821)  (4468,2825)  (3148,2825)  (3764,2826)  (4028,2828)  (4204,2829)  (3896,2829)  (3412,2829)  (3280,2829)  (4512,2830)  (4908,2834)  (3676,2835)  (4556,2836)  (4820,2837)  (3500,2837)  (4248,2838)  (3104,2838)  (3588,2839)  (4600,2841)  (4072,2841)  (3808,2842)  (3236,2842)  (3940,2843)  (4292,2844)  (4644,2845)  (3368,2845)  (4776,2846)  (4732,2848)  (4688,2848)  (4336,2850)  (3060,2851)  (4952,2852)  (3720,2853)  (4116,2854)  (4380,2856)  (3456,2856)  (3192,2856)  (3984,2858)  (3852,2858)  (3324,2859)  (3632,2860)  (3544,2861)  (4424,2863)  (3016,2863)  (4160,2864)  (4864,2865)  (4468,2869)  (3148,2869)  (3764,2870)  (4028,2872)  (4204,2873)  (3896,2873)  (3412,2873)  (3280,2873)  (4512,2874)  (2972,2875)  (4908,2878)  (3676,2879)  (4556,2880)  (4820,2881)  (3500,2881)  (4248,2882)  (3104,2882)  (3588,2883)  (4600,2885)  (4072,2885)  (3808,2886)  (3236,2886)  (3940,2887)  (2928,2887)  (4292,2888)  (4644,2889)  (3368,2889)  (4776,2890)  (4732,2892)  (4688,2892)  (4336,2894)  (3060,2895)  (4952,2896)  (3720,2897)  (2884,2897)  (4116,2898)  (4380,2900)  (3456,2900)  (3192,2900)  (3984,2902)  (3852,2902)  (3324,2903)  (3632,2904)  (3544,2905)  (2840,2906)  (4424,2907)  (3016,2907)  (4160,2908)  (4864,2909)  (4468,2913)  (3148,2913)  (3764,2914)  (2796,2914)  (4028,2916)  (4204,2917)  (3896,2917)  (3412,2917)  (3280,2917)  (4512,2918)  (2972,2919)  (2752,2920)  (4908,2922)  (3676,2923)  (4556,2924)  (4820,2925)  (3500,2925)  (4248,2926)  (3104,2926)  (2708,2926)  (3588,2927)  (4600,2929)  (4072,2929)  (3808,2930)  (3236,2930)  (2664,2930)  (3940,2931)  (2928,2931)  (4292,2932)  (4644,2933)  (3368,2933)  (4776,2934)  (2620,2934)  (4732,2936)  (4688,2936)  (2576,2937)  (4336,2938)  (3060,2939)  (2532,2939)  (4952,2940)  (3720,2941)  (2884,2941)  (2488,2941)  (4116,2942)  (2444,2943)  (4380,2944)  (3456,2944)  (3192,2944)  (2400,2944)  (3984,2946)  (3852,2946)  (2356,2946)  (3324,2947)  (2312,2947)  (3632,2948)  (3544,2949)  (2268,2949)  (2840,2950)  (4424,2951)  (3016,2951)  (4160,2952)  
Farana Sector  (4619,246)  (4575,285)  (4575,241)  (4662,290)  (4619,202)  (4663,224)  (4569,197)  (4643,334)  (4525,159)  (4494,115)  
Farlax Sector  (2134,957)  (2090,1000)  (2090,956)  (2177,1001)  (2134,913)  (2178,926)  (2088,912)  (2046,986)  (2221,970)  (2221,1014)  (2044,942)  (2044,898)  (2265,1000)  
Fondor Industrial Zones  (1925,1406)  (1877,1405)  (1973,1407)  (1829,1405)  (2017,1404)  (1829,1454)  (1878,1455)  (1926,1455)  (1972,1457)  (2020,1458)  (1901,1501)  (1950,1502)  
Fondor Orbit A  (1734,1381)  (1751,1425)  (1723,1337)  (1764,1469)  (1741,1293)  (1785,1261)  (1796,1513)  (1829,1225)  (1840,1543)  (1873,1209)  (1885,1555)  
Fondor Orbit B  (2118,1382)  (2126,1426)  (2098,1338)  (2107,1470)  (2085,1294)  (2063,1503)  (2053,1250)  (2019,1538)  (2009,1220)  (1975,1554)  (1964,1208)  
Fondor Wastelands  (1924,1355)  (1876,1354)  (1973,1354)  (1828,1354)  (2021,1356)  (1829,1306)  (1875,1305)  (1925,1308)  (1974,1308)  (2023,1308)  (1898,1259)  (1946,1258)  
Freestanding Subsectors  (1464,932)  (1420,975)  (1420,931)  (1507,976)  (1464,888)  (1508,888)  (1508,932)  (1418,887)  (1463,1019)  (1419,1019)  (1376,975)  (1376,931)  (1551,976)  (1516,1020)  (1375,1020)  (1462,844)  (1506,844)  (1550,844)  (1552,888)  (1552,932)  (1374,887)  (1457,1063)  (1332,976)  (1332,932)  (1413,1064)  (1369,1064)  (1331,1020)  (1489,800)  (1533,800)  (1596,851)  (1596,895)  (1596,939)  (1288,976)  (1396,1108)  (1640,916)  
Freeworlds Territory  (1686,1109)  (1642,1152)  (1642,1108)  (1729,1153)  (1686,1065)  (1730,1065)  (1730,1109)  (1640,1064)  (1685,1196)  (1641,1196)  (1598,1136)  (1773,1153)  (1684,1021)  (1596,1092)  (1596,1048)  (1640,1020)  (1694,1240)  
Galov Sector  (3857,2395)  (3813,2438)  (3813,2394)  (3891,2351)  (3935,2317)  (3935,2361)  (3769,2478)  (3769,2434)  (3960,2273)  (3979,2317)  (3725,2479)  (3725,2435)  (4023,2305)  (3681,2425)  
Gaulus Sector  (2677,2798)  (2633,2841)  (2633,2797)  (2720,2842)  (2677,2754)  (2721,2754)  (2721,2798)  (2631,2753)  (2589,2805)  (2764,2842)  (2765,2793)  (2587,2761)  (2587,2717)  (2631,2709)  (2555,2673)  
Givin Domain  (1786,1844)  (1742,1887)  (1742,1843)  (1827,1888)  (1786,1800)  (1830,1800)  (1830,1844)  (1740,1799)  (1783,1931)  (1739,1931)  (1784,1756)  (1828,1756)  (1872,1756)  (1712,1755)  (1819,1975)  (1775,1975)  (1731,1975)  (1820,2019)  (1776,2019)  (1732,2019)  
Glythe Sector  (2119,739)  (2075,782)  (2075,738)  (2149,783)  (2119,695)  (2163,695)  (2163,739)  (2073,694)  (2105,826)  (2061,826)  (2155,651)  (2199,636)  
Gordian Reach  (4342,736)  (4298,779)  (4298,735)  (4385,780)  (4342,692)  (4386,692)  (4386,736)  (4296,691)  (4341,823)  (4254,775)  (4429,780)  (4419,824)  (4340,648)  (4384,648)  (4430,680)  (4430,724)  (4252,731)  (4252,687)  (4208,749)  (4208,705)  (4164,736)  (4164,692)  (4120,731)  
Hapes Cluster  (3362,1404)  (3318,1447)  (3318,1403)  (3390,1448)  (3362,1360)  (3406,1371)  (3316,1359)  (3434,1415)  (3330,1491)  (3478,1409)  (3294,1535)  
Herios Sector  (3572,2519)  (3528,2562)  (3528,2518)  (3615,2563)  (3572,2475)  (3616,2475)  (3616,2519)  (3526,2474)  (3554,2606)  (3510,2606)  (3484,2562)  (3570,2431)  (3660,2508)  (3466,2624)  (3440,2580)  (3530,2387)  (3422,2646)  
Hoth  (407,1838)  (361,1838)  (456,1839)  (407,1888)  (410,1789)  (361,1789)  (457,1794)  (458,1889)  (357,1889)  (461,1745)  (409,1741)  (364,1739)  (312,1783)  (311,1833)  (307,1885)  (355,1939)  (403,1938)  (452,1941)  (507,1797)  (504,1844)  (506,1892)  
Hoth Orbit A  (214,1840)  (232,1884)  (202,1796)  (246,1928)  (219,1752)  (263,1720)  (279,1972)  (307,1683)  (325,2001)  (379,2012)  (351,1666)  
Hoth Orbit B  (599,1835)  (606,1879)  (577,1791)  (589,1923)  (563,1747)  (545,1956)  (530,1703)  (501,1993)  (484,1674)  (432,1663)  (457,2009)  
I-Sector  (3882,716)  (3882,672)  (3838,730)  (3838,686)  (3794,744)  (3794,700)  (3929,699)  (3929,651)  (3978,640)  (3979,685)  (4027,628)  (4029,675)  
Instrop Sector  (3211,2685)  (3167,2728)  (3167,2684)  (3251,2729)  (3211,2641)  (3255,2641)  (3255,2685)  (3165,2640)  (3123,2768)  (3123,2724)  (3299,2630)  (3299,2674)  (3121,2680)  (3121,2636)  (3116,2592)  (3343,2625)  (3343,2669)  
Iridonia Acid Plains  (2032,383)  (1984,383)  (2079,383)  (1937,382)  (2127,381)  (1938,335)  (1983,335)  (2031,335)  (2079,335)  (2124,334)  (2007,291)  (2056,291)  
Iridonia Orbit A  (1843,412)  (1861,456)  (1833,368)  (1875,500)  (1850,324)  (1894,293)  (1907,544)  (1938,256)  (1952,574)  (1982,240)  (2009,586)  
Iridonia Orbit B  (2229,410)  (2236,454)  (2208,366)  (2218,498)  (2194,322)  (2174,532)  (2161,278)  (2130,568)  (2117,249)  (2062,237)  (2086,584)  
Iridonia Rainforests  (2032,434)  (1982,434)  (1935,433)  (2080,435)  (2129,433)  (1932,482)  (1982,484)  (2031,484)  (2081,483)  (2130,480)  (2008,531)  (2059,532)  
Ison Corridor  (979,1281)  (935,1324)  (935,1280)  (1022,1325)  (979,1237)  (891,1323)  (891,1279)  (1066,1341)  (1082,1385)  (847,1323)  (1126,1425)  (1140,1469)  
Jaso Sector  (1593,1598)  (1549,1641)  (1549,1597)  (1636,1642)  (1593,1554)  (1637,1554)  (1637,1598)  (1547,1553)  (1505,1682)  (1505,1638)  (1680,1642)  (1681,1524)  (1681,1568)  (1503,1594)  (1503,1550)  (1461,1682)  (1461,1638)  (1724,1612)  (1724,1656)  (1725,1564)  (1459,1594)  (1459,1550)  (1417,1682)  (1417,1638)  (1768,1608)  (1768,1652)  (1415,1594)  (1373,1682)  (1373,1638)  (1812,1625)  (1812,1669)  (1371,1594)  (1856,1638)  (1856,1682)  
Kalamith Sector  (3844,827)  (3800,834)  (3852,871)  (3876,783)  (3920,769)  (3837,915)  (3964,755)  (4025,735)  
Kallea Sector  (263,2298)  (219,2341)  (219,2297)  (306,2342)  (263,2254)  (307,2254)  (307,2298)  (217,2253)  (225,2385)  (181,2385)  (175,2341)  (175,2297)  (351,2249)  (351,2293)  (351,2337)  (173,2253)  (395,2293)  
Kanz Sector  (3303,295)  (3259,338)  (3259,294)  (3305,339)  (3312,251)  (3347,295)  (3356,242)  (3215,380)  (3400,210)  
Kashyyyk Forests  (3517,1658)  (3469,1657)  (3566,1658)  (3423,1656)  (3422,1608)  (3469,1609)  (3518,1610)  (3567,1611)  (3494,1564)  (3543,1565)  (3615,1612)  (3616,1659)  
Kashyyyk Jungles  (3517,1710)  (3564,1711)  (3469,1711)  (3422,1710)  (3614,1709)  (3422,1757)  (3470,1758)  (3515,1760)  (3566,1758)  (3614,1758)  (3488,1805)  (3539,1805)  
Kashyyyk Orbit B  (3713,1686)  (3721,1730)  (3693,1642)  (3702,1774)  (3680,1598)  (3658,1807)  (3648,1554)  (3614,1842)  (3604,1524)  (3570,1858)  (3559,1512)  
Kashyyyk Region  (3296,1921)  (3252,1964)  (3252,1920)  (3339,1965)  (3296,1877)  (3340,1888)  (3250,1876)  (3383,1932)  (3247,1832)  (3291,1832)  (3427,1936)  (3256,1788)  
Kashyyyk orbit A  (3329,1687)  (3346,1731)  (3317,1643)  (3360,1775)  (3335,1599)  (3379,1567)  (3393,1819)  (3423,1530)  (3437,1848)  (3494,1860)  (3467,1514)  
Kastolar Sector  (3815,1665)  (3856,1709)  (3812,1709)  (3778,1621)  (3822,1621)  (3867,1753)  (3823,1753)  (3779,1753)  (3766,1577)  (3810,1577)  (3778,1797)  (3744,1533)  (3788,1533)  
Kathol Sector  (1271,2805)  (1227,2841)  (1227,2797)  (1315,2776)  (1315,2820)  (1183,2837)  (1183,2793)  (1359,2782)  (1359,2826)  (1139,2834)  (1139,2790)  (1403,2789)  (1403,2833)  (1115,2746)  (1095,2831)  (1447,2795)  (1447,2839)  (1071,2787)  (1071,2743)  (1491,2801)  (1491,2845)  (1027,2826)  (1027,2782)  (1027,2738)  (1535,2808)  (983,2822)  (983,2778)  (939,2818)  
Kessel  (4207,1626)  (4159,1626)  (4255,1626)  (4206,1578)  (4208,1674)  (4161,1675)  (4255,1676)  (4255,1580)  (4160,1577)  (4305,1629)  (4304,1580)  (4257,1533)  (4208,1533)  (4161,1531)  (4111,1575)  (4109,1627)  (4111,1675)  (4164,1724)  (4212,1723)  (4257,1723)  (4306,1680)  
Kessel Orbit A  (4012,1629)  (4030,1673)  (4002,1585)  (4044,1717)  (4019,1541)  (4063,1510)  (4076,1761)  (4107,1473)  (4121,1791)  (4151,1457)  (4178,1803)  
Kessel Orbit B  (4397,1624)  (4406,1668)  (4376,1580)  (4389,1712)  (4361,1536)  (4345,1746)  (4327,1492)  (4283,1465)  (4301,1784)  (4231,1454)  (4257,1800)  
Kessel Sector  (4482,1813)  (4438,1856)  (4438,1812)  (4525,1857)  (4482,1769)  (4526,1769)  (4526,1813)  (4436,1768)  (4481,1900)  (4437,1900)  (4394,1856)  (4393,1901)  (4480,1725)  (4570,1819)  (4350,1857)  (4349,1902)  (4463,1681)  (4305,1895)  (4261,1889)  
Kiffu Sector  (1544,1365)  (1500,1408)  (1500,1364)  (1587,1409)  (1544,1321)  (1588,1321)  (1588,1365)  (1498,1320)  (1543,1452)  (1499,1452)  (1456,1408)  (1456,1364)  (1631,1409)  (1631,1453)  (1587,1453)  (1455,1453)  (1542,1277)  (1586,1277)  (1632,1302)  (1632,1346)  (1412,1409)  (1412,1365)  
Koradin Sector  (178,1444)  (134,1487)  (134,1443)  (221,1488)  (178,1400)  (222,1410)  (132,1399)  (265,1460)  (265,1504)  (176,1356)  (110,1355)  (309,1490)  (154,1312)  (353,1508)  (125,1268)  (169,1268)  (397,1517)  (135,1224)  (179,1224)  (441,1518)  (152,1180)  (485,1518)  (529,1510)  (573,1494)  
Kriz Sector  (763,1876)  (719,1885)  (719,1841)  (782,1920)  (763,1832)  (807,1842)  (738,1929)  (826,1886)  (694,1797)  (870,1846)  
Kuat Countryside  (3015,1496)  (2968,1497)  (3063,1496)  (2921,1497)  (3112,1496)  (2923,1450)  (2969,1449)  (3017,1448)  (3062,1448)  (3111,1448)  (2989,1400)  (3038,1400)  
Kuat Drive Yards  (3017,1550)  (2968,1549)  (3067,1551)  (2919,1550)  (3114,1550)  (2918,1598)  (2969,1596)  (3017,1597)  (3065,1599)  (3115,1597)  (2992,1644)  (3038,1646)  
Kuat Orbit A  (2824,1529)  (2841,1573)  (2812,1485)  (2855,1617)  (2830,1441)  (2874,1409)  (2888,1661)  (2918,1372)  (2932,1690)  (2989,1702)  (2962,1356)  
Kuat Orbit B  (3212,1528)  (3216,1572)  (3188,1484)  (3197,1616)  (3175,1440)  (3153,1649)  (3143,1396)  (3109,1684)  (3099,1366)  (3065,1700)  (3054,1354)  
Kuat Sector  (3080,1196)  (3036,1239)  (3036,1195)  (3123,1240)  (3080,1152)  (3124,1152)  (3124,1196)  (3034,1151)  (2992,1265)  (2992,1221)  (3167,1240)  (3167,1284)  (3078,1108)  (3168,1191)  (2990,1177)  (2948,1269)  (2948,1225)  (3211,1243)  (3211,1287)  (3214,1331)  (2904,1281)  (2904,1237)  (3248,1375)  (2860,1304)  (2860,1260)  
Kwymar Sector  (4038,559)  (4031,512)  (4027,465)  (3988,575)  (3981,523)  (3930,563)  (3880,604)  (3829,597)  (3786,633)  
Lannik Space  (3097,1966)  (3053,2009)  (3053,1965)  (3115,2010)  (3097,1922)  (3141,1922)  (3141,1966)  (3009,2029)  (3009,1985)  (3009,1941)  (3185,1897)  (3185,1941)  (3185,1985)  
Mandalore Orbit A  (3401,1142)  (3419,1186)  (3391,1098)  (3433,1230)  (3408,1054)  (3452,1023)  (3465,1274)  (3496,986)  (3510,1304)  (3540,970)  (3567,1316)  
Majoor Sector  (1608,1990)  (1564,2033)  (1564,1989)  (1651,2034)  (1608,1946)  (1652,1946)  (1652,1990)  (1562,1945)  (1607,2077)  (1563,2077)  (1519,2078)  (1606,1902)  (1650,1902)  (1544,1901)  (1601,2121)  (1557,2122)  (1513,2122)  (1588,1858)  (1632,1858)  (1544,1857)  (1570,2166)  (1588,1814)  (1632,1814)  (1544,1813)  (1588,1770)  (1632,1770)  (1544,1769)  
Mandalore Desert  (3591,1166)  (3543,1166)  (3637,1165)  (3498,1164)  (3687,1166)  (3500,1210)  (3545,1210)  (3590,1210)  (3638,1210)  (3685,1211)  (3560,1257)  (3609,1258)  
Mandalore Orbit B  (3789,1142)  (3794,1186)  (3766,1098)  (3775,1230)  (3753,1054)  (3731,1263)  (3721,1010)  (3687,1298)  (3677,980)  (3643,1314)  (3632,968)  
Mandalore Sector  (3794,1386)  (3750,1429)  (3750,1385)  (3837,1430)  (3794,1342)  (3838,1342)  (3838,1386)  (3706,1425)  (3813,1298)  (3662,1411)  
Mandalore Woods  (3593,1111)  (3545,1111)  (3642,1111)  (3497,1111)  (3496,1066)  (3546,1066)  (3595,1065)  (3643,1067)  (3566,1020)  (3614,1022)  (3689,1067)  (3690,1110)  
Meerian Sector  (3646,843)  (3602,879)  (3602,835)  (3689,887)  (3689,799)  (3690,843)  (3558,879)  (3558,835)  (3733,887)  (3734,831)  (3764,931)  (3514,885)  (3514,841)  (3470,901)  (3470,857)  
Meram Sector  (3485,308)  (3441,351)  (3441,307)  (3527,352)  (3485,264)  (3529,264)  (3483,395)  (3529,396)  (3478,220)  (3522,220)  (3541,440)  
Meridian Sector  (3955,1225)  (3905,1192)  (3872,1143)  (4003,1246)  (4053,1253)  (3887,1242)  (3937,1274)  (3886,1289)  (3937,1321)  (3987,1300)  (4038,1298)  (4104,1285)  
Minos Cluster  (816,2735)  (772,2778)  (772,2734)  (859,2779)  (816,2691)  (860,2691)  (860,2735)  (770,2690)  (728,2791)  (728,2747)  (904,2650)  (904,2694)  (904,2738)  (726,2703)  (684,2783)  (948,2642)  (948,2686)  (682,2739)  (638,2774)  
Moddell Sector  (373,923)  (329,966)  (329,922)  (416,967)  (373,879)  (417,879)  (417,923)  (327,878)  (338,1010)  (294,1010)  (285,966)  (460,967)  (371,835)  (250,1045)  (241,1001)  (504,977)  (232,1089)  (188,1105)  
Mortex Sector  (4588,654)  (4544,697)  (4544,653)  (4631,698)  (4588,610)  (4632,610)  (4632,654)  (4542,609)  (4587,741)  (4543,741)  (4500,697)  (4499,742)  (4586,566)  (4630,566)  (4676,585)  (4676,629)  (4512,786)  
Naboo Orbit A  (1542,2537)  (1560,2581)  (1532,2493)  (1573,2625)  (1550,2449)  (1594,2417)  (1605,2669)  (1638,2381)  (1649,2699)  (1682,2365)  (1694,2711)  
Naboo Orbit B  (1931,2537)  (1935,2581)  (1907,2493)  (1917,2625)  (1893,2449)  (1873,2658)  (1861,2405)  (1829,2694)  (1816,2375)  (1785,2710)  (1761,2363)  
Naboo Plains  (1733,2508)  (1782,2508)  (1685,2508)  (1637,2509)  (1829,2508)  (1635,2459)  (1684,2460)  (1731,2459)  (1779,2459)  (1827,2458)  (1705,2412)  (1754,2411)  
Naboo Swamps  (1734,2562)  (1685,2562)  (1781,2561)  (1637,2559)  (1832,2561)  (1638,2606)  (1687,2612)  (1735,2609)  (1784,2611)  (1833,2611)  (1706,2658)  (1756,2658)  
Nal Hutta Barrens  (3698,2150)  (3698,2197)  (3698,2245)  (3649,2125)  (3649,2176)  (3649,2223)  (3603,2158)  (3604,2109)  
Nal Hutta Marshlands  (3727,2101)  (3680,2079)  (3774,2078)  (3634,2058)  (3679,2030)  (3728,2055)  (3727,2011)  (3775,2028)  (3819,2054)  
Nal Hutta Orbit A  (3538,2134)  (3554,2178)  (3527,2090)  (3566,2222)  (3545,2046)  (3589,2015)  (3596,2266)  (3633,1980)  (3641,2297)  (3677,1964)  (3688,2310)  
Nal Hutta Orbit B  (3875,2257)  (3831,2300)  (3892,2213)  (3787,2332)  (3902,2169)  (3849,1998)  (3804,1972)  (3755,1962)  
Nal Hutta Urban Zones  (3748,2150)  (3749,2199)  (3751,2246)  (3796,2128)  (3797,2176)  (3797,2224)  (3845,2101)  (3846,2152)  
Nar Shaddaa North  (4022,1995)  (3974,1993)  (4068,1996)  (3926,1996)  (4116,1993)  (3925,1950)  (3974,1948)  (4023,1948)  (4070,1949)  (4119,1948)  (3999,1899)  (4049,1899)  
Nar Shaddaa South  (4022,2046)  (3974,2046)  (4069,2046)  (3926,2045)  (4116,2045)  (3926,2094)  (3976,2096)  (4024,2094)  (4071,2092)  (4119,2091)  (4004,2141)  (4050,2142)  
Nembus Sector  (3604,603)  (3654,622)  (3702,641)  (3702,590)  (3653,574)  (3606,556)  (3558,536)  (3558,585)  (3512,566)  
Nijune Sector  (3091,528)  (3047,563)  (3135,489)  (3003,581)  (3179,469)  (2959,599)  (3223,468)  (2915,604)  
Ojoster Sector  (3284,1121)  (3240,1164)  (3240,1120)  (3327,1165)  (3284,1077)  (3328,1077)  (3328,1121)  (3283,1208)  (3196,1116)  (3335,1209)  (3348,1253)  
Oktos Sector  (3469,2059)  (3459,2109)  (3461,2158)  (3411,2103)  (3371,2048)  (3421,2049)  (3451,2000)  (3500,1986)  
Ottega Sector  (2887,811)  (2843,854)  (2899,855)  (2879,767)  (2923,767)  (2841,898)  (2910,723)  (2797,900)  (2954,685)  
Outer Jalor Sector  (1915,735)  (1871,778)  (1871,734)  (1958,779)  (1915,691)  (1959,691)  (1959,735)  (1869,690)  (1914,822)  (1870,822)  (1827,778)  (1827,734)  (2002,779)  (2002,823)  (1958,823)  (1826,823)  (2003,672)  (2003,716)  (1825,690)  (1825,646)  (1869,646)  (1815,602)  
Pakuuni Sector  (4745,947)  (4701,990)  (4701,946)  (4788,991)  (4745,903)  (4789,909)  (4699,902)  (4682,1034)  (4832,953)  (4832,997)  (4660,858)  (4704,858)  (4876,963)  
Quelii Sector  (3418,588)  (3417,635)  (3370,561)  (3369,612)  (3322,531)  (3322,584)  (3277,539)  (3228,552)  (3415,683)  
Quence Sector  (1423,2652)  (1379,2695)  (1379,2651)  (1466,2696)  (1423,2608)  (1467,2608)  (1467,2652)  (1377,2607)  (1335,2721)  (1510,2696)  (1510,2740)  (1466,2740)  (1421,2564)  (1465,2564)  (1554,2740)  (1408,2520)  (1452,2520)  (1438,2476)  (1482,2445)  
Raioballo Sector  (2431,356)  (2387,399)  (2387,355)  (2474,400)  (2431,312)  (2475,312)  (2475,356)  (2385,311)  (2360,443)  (2518,400)  (2429,268)  (2562,406)  
Relgim Sector  (2823,668)  (2779,711)  (2779,667)  (2834,712)  (2823,624)  (2867,654)  (2777,623)  (2790,755)  (2754,579)  (2746,786)  (2752,830)  
Rodia Jungles  (2769,2496)  (2721,2497)  (2817,2494)  (2674,2497)  (2866,2494)  (2675,2542)  (2722,2545)  (2771,2545)  (2817,2542)  (2867,2541)  (2746,2593)  (2794,2593)  
Rodia Orbit A  (2578,2472)  (2597,2516)  (2569,2428)  (2611,2560)  (2586,2384)  (2630,2353)  (2643,2604)  (2674,2316)  (2688,2634)  (2718,2300)  (2745,2646)  
Rodia Orbit B  (2966,2471)  (2972,2515)  (2944,2427)  (2954,2559)  (2930,2383)  (2910,2592)  (2898,2339)  (2866,2628)  (2853,2309)  (2822,2644)  (2798,2297)  
Rodia Swamps  (2769,2443)  (2721,2443)  (2817,2443)  (2674,2443)  (2866,2442)  (2673,2393)  (2721,2394)  (2768,2395)  (2817,2395)  (2864,2395)  (2742,2350)  (2793,2352)  
Ruusan - Colonies  (2937,1979)  (2888,1967)  (2944,1930)  (2877,2015)  (2899,1917)  (2894,1872)  (2872,1821)  (2830,2040)  (2785,2080)  (2927,2027)  
Saijo Sector  (203,2108)  (159,2151)  (159,2107)  (246,2152)  (203,2064)  (247,2064)  (247,2108)  (157,2063)  (290,2152)  (201,2020)  (291,2080)  (114,2019)  (334,2124)  (158,1976)  (112,1975)  (378,2098)  (378,2142)  
Samix Sector  (2013,2819)  (1972,2743)  (1965,2791)  (1962,2841)  (1953,2893)  (2007,2879)  (2059,2853)  (2057,2897)  (2106,2886)  (2157,2896)  
Savareen Sector  (2519,2281)  (2475,2324)  (2475,2280)  (2543,2325)  (2519,2237)  (2563,2237)  (2563,2281)  (2499,2368)  (2600,2193)  (2607,2237)  (2511,2412)  (2509,2456)  
Senex-Juvex Sectors  (1360,1265)  (1316,1308)  (1316,1264)  (1365,1309)  (1360,1221)  (1404,1221)  (1404,1265)  (1304,1352)  (1272,1308)  (1417,1177)  (1448,1221)  (1260,1364)  (1461,1164)  (1228,1320)  (1492,1208)  (1226,1408)  (1216,1364)  (1495,1120)  (1505,1164)  (1172,1371)  
Seswenna Sector  (1375,2007)  (1331,2050)  (1331,2006)  (1418,2051)  (1375,1963)  (1419,1963)  (1419,2007)  (1329,1962)  (1374,2094)  (1330,2094)  (1463,1986)  (1285,1957)  (1329,1918)  (1363,2138)  (1319,2138)  (1329,2182)  (1285,2216)  
Sevetta Sector  (2959,2749)  (2915,2792)  (2915,2748)  (3002,2793)  (2959,2705)  (3003,2705)  (3003,2749)  (2913,2704)  (2883,2836)  (2871,2792)  (2871,2748)  (2964,2661)  (3008,2661)  (3047,2715)  (3047,2759)  (2827,2787)  (2827,2743)  (2998,2617)  (3019,2573)  
Shag Pabol  (4270,2035)  (4226,2078)  (4226,2034)  (4308,2079)  (4270,1991)  (4314,1991)  (4314,2035)  (4224,1990)  (4258,2122)  (4214,2122)  (4358,1960)  (4358,2004)  (4192,1946)  (4236,1946)  (4170,2134)  (4402,1967)  (4193,2178)  (4149,2178)  (4105,2199)  (4110,2243)  (4066,2243)  (4061,2199)  (4017,2218)  
Si-Klaata Cluster  (3937,1605)  (3942,1554)  (3959,1507)  (3913,1506)  (3863,1516)  (3890,1566)  (3889,1614)  (3908,1662)  (3930,1711)  (3967,1759)  
Sluis Sector  (1076,2421)  (1032,2464)  (1032,2420)  (1115,2465)  (1076,2377)  (1120,2377)  (1120,2421)  (1030,2376)  (1071,2508)  (1027,2508)  (1155,2333)  (1164,2377)  (1199,2311)  (1050,2552)  (1006,2552)  (1243,2280)  
Spinward Sector  (3325,99)  (3281,142)  (3281,98)  (3368,143)  (3325,55)  (3369,55)  (3369,99)  (3279,54)  (3297,186)  (3253,186)  (3237,142)  (3237,98)  (3413,47)  (3413,91)  (3235,54)  (3457,47)  (3457,91)  (3191,47)  
Steniplis Sector  (602,2363)  (558,2406)  (558,2362)  (610,2407)  (602,2319)  (646,2319)  (646,2363)  (514,2411)  (514,2367)  (690,2281)  (690,2325)  (470,2372)  
Stensen Sector  (783,1211)  (739,1254)  (739,1210)  (795,1255)  (783,1167)  (827,1167)  (827,1211)  (737,1166)  (736,1298)  (871,1158)  (915,1158)  
Subterrel Sector  (336,2486)  (292,2529)  (292,2485)  (379,2530)  (336,2442)  (380,2442)  (380,2486)  (290,2441)  (331,2573)  (287,2573)  (248,2529)  (248,2485)  (372,2398)  (424,2424)  (424,2468)  (424,2512)  (204,2507)  (204,2463)  (468,2463)  
Sullust Caves  (1021,2106)  (1021,2155)  (972,2078)  (972,2128)  (972,2175)  (924,2061)  (926,2109)  (1020,2203)  
Sullust Deserts  (1073,2105)  (1073,2154)  (1073,2201)  (1121,2076)  (1122,2125)  (1123,2174)  (1168,2053)  (1170,2102)  
Sullust Mountains  (1049,2051)  (1049,2006)  (1049,1962)  (1001,2028)  (1000,1980)  (954,2009)  (1097,2024)  (1101,1978)  (1145,2004)  
Sullust Orbit A  (861,2089)  (875,2133)  (846,2045)  (889,2177)  (864,2001)  (908,1969)  (922,2221)  (952,1932)  (966,2250)  (1023,2262)  (996,1916)  
Sullust Orbit B  (1243,2084)  (1251,2128)  (1221,2040)  (1233,2172)  (1207,1996)  (1189,2206)  (1173,1952)  (1145,2243)  (1128,1924)  (1076,1913)  (1101,2259)  
Tamarin Sector  (1396,2313)  (1352,2356)  (1352,2312)  (1437,2357)  (1396,2269)  (1440,2269)  (1440,2313)  (1351,2268)  (1393,2400)  (1349,2400)  (1308,2356)  (1395,2225)  (1439,2225)  (1483,2225)  (1484,2269)  (1305,2403)  (1377,2444)  (1416,2181)  (1333,2447)  (1261,2404)  
Tantra Sector  (882,2467)  (838,2508)  (838,2464)  (925,2511)  (882,2423)  (926,2423)  (926,2467)  (834,2420)  (794,2464)  (939,2555)  (895,2555)  (790,2420)  (746,2416)  
Tapani Sector  (1860,971)  (1816,1014)  (1816,970)  (1903,1015)  (1860,927)  (1904,927)  (1904,971)  (1814,926)  (1859,1058)  (1772,990)  (1924,1059)  (1948,888)  (1948,932)  (1948,976)  (1770,946)  (1880,1102)  
Taris Industrial Zones  (3159,833)  (3159,878)  (3160,923)  (3113,808)  (3113,856)  (3112,905)  (3065,795)  (3067,845)  
Taris Orbit A  (2997,818)  (3015,862)  (2987,774)  (3028,906)  (3005,730)  (3049,699)  (3058,950)  (3093,663)  (3102,980)  (3137,647)  (3149,993)  
Taris Orbit B  (3382,817)  (3390,861)  (3361,773)  (3373,905)  (3347,729)  (3329,938)  (3314,685)  (3285,975)  (3268,656)  (3216,645)  (3241,991)  
Taris Reconstruction Zones  (3213,834)  (3214,881)  (3216,928)  (3261,808)  (3262,856)  (3263,904)  (3308,789)  (3310,837)  
Taris Residential Zones  (3188,783)  (3188,735)  (3189,689)  (3141,760)  (3139,712)  (3237,759)  (3238,712)  (3092,737)  (3284,735)  
Tatooine  (2221,2636)  (2177,2679)  (2177,2635)  (2221,2592)  (2265,2592)  (2265,2636)  (2175,2591)  (2133,2679)  (2133,2635)  (2131,2591)  (2224,2687)  (2272,2686)  (2219,2736)  (2270,2736)  (2170,2728)  (2225,2543)  (2175,2545)  (2276,2543)  (2320,2594)  (2322,2643)  (2318,2693)  
Tatooine Orbit A  (2030,2643)  (2047,2687)  (2018,2599)  (2061,2731)  (2036,2555)  (2080,2523)  (2094,2775)  (2124,2486)  (2138,2804)  (2195,2816)  (2168,2470)  
Tatooine Orbit B  (2413,2636)  (2423,2680)  (2393,2592)  (2406,2724)  (2378,2548)  (2362,2759)  (2343,2504)  (2297,2477)  (2318,2797)  (2248,2467)  (2274,2813)  
Telos  (3789,339)  (3743,340)  (3836,339)  (3788,291)  (3790,387)  (3740,294)  (3836,292)  (3744,386)  (3837,386)  (3696,341)  (3693,292)  (3743,246)  (3791,246)  (3840,247)  (3883,297)  (3885,347)  (3697,387)  (3746,431)  (3795,433)  (3842,435)  (3884,395)  
Telos Orbit A  (3599,336)  (3615,380)  (3587,292)  (3628,424)  (3605,248)  (3649,217)  (3658,468)  (3693,181)  (3702,498)  (3737,165)  (3749,511)  
Telos Orbit B  (3985,335)  (3990,379)  (3961,291)  (3973,423)  (3947,247)  (3929,456)  (3914,203)  (3885,493)  (3868,174)  (3816,163)  (3841,509)  
Thanium Sector  (4389,1053)  (4345,1096)  (4401,1097)  (4354,1009)  (4398,1009)  (4433,1053)  (4357,1140)  (4354,965)  (4398,965)  (4313,1149)  (4349,921)  (4393,921)  (4437,921)  (4327,1193)  (4283,1193)  (4239,1220)  (4293,1237)  (4195,1246)  (4249,1264)  
The Centrality  (4644,1707)  (4600,1738)  (4600,1694)  (4675,1751)  (4644,1663)  (4688,1663)  (4688,1707)  (4586,1650)  (4631,1782)  (4732,1639)  (4732,1683)  (4542,1639)  (4776,1622)  
The Expanse  (2089,1112)  (2045,1140)  (2045,1096)  (2132,1156)  (2133,1091)  (2028,1052)  (2001,1125)  (2176,1176)  (2132,1200)  (1984,1081)  (2185,1220)  (2194,1264)  
The Negs  (1699,747)  (1655,790)  (1655,746)  (1742,791)  (1699,703)  (1743,703)  (1743,747)  (1653,702)  (1698,834)  (1611,752)  (1764,835)  (1697,659)  (1741,659)  (1711,878)  (1751,615)  
Thesme Sector  (3565,706)  (3521,749)  (3521,705)  (3608,750)  (3565,662)  (3609,673)  (3519,661)  (3477,776)  (3477,732)  (3652,717)  (3475,688)  (3475,644)  (3696,710)  
Tion Cluster  (4555,931)  (4511,974)  (4511,930)  (4598,975)  (4555,887)  (4599,887)  (4599,931)  (4509,886)  (4554,1018)  (4510,1018)  (4609,1019)  (4553,843)  (4597,843)  
Tolonda Sector  (2479,2827)  (2435,2870)  (2435,2826)  (2522,2871)  (2479,2783)  (2523,2790)  (2391,2892)  (2470,2739)  (2347,2894)  (2480,2695)  (2303,2895)  
Trianii Space  (4046,49)  (4045,97)  (4095,50)  (3998,47)  (3949,48)  (3995,96)  (4093,100)  (4144,52)  (4041,146)  
Trilon Sector  (1055,585)  (1011,628)  (1011,584)  (1098,629)  (1055,541)  (1099,541)  (1099,585)  (1009,540)  (1047,672)  (1003,672)  (967,628)  (967,584)  (1066,497)  (1110,497)  (1143,541)  (1143,585)  (923,600)  
Tunka Sector  (160,1626)  (116,1669)  (116,1625)  (191,1670)  (160,1582)  (204,1582)  (204,1626)  (114,1581)  (147,1713)  (103,1713)  (248,1570)  (248,1614)  (149,1757)  (105,1757)  (292,1571)  (143,1801)  (336,1572)  (143,1845)  (380,1573)  (144,1889)  (424,1574)  (468,1575)  (512,1575)  (556,1576)  (567,1620)  
Tynna Sector  (1939,2255)  (1895,2269)  (1895,2225)  (1982,2299)  (1939,2211)  (1983,2221)  (1938,2313)  (1864,2181)  (2026,2265)  (2007,2343)  (1820,2173)  (1864,2137)  (1812,2129)  (1994,2387)  (1768,2107)  (1812,2085)  
Unknown Regions 1  (1059,916)  (1015,959)  (1015,915)  (1102,960)  (1059,872)  (1103,872)  (1103,916)  (1013,871)  (1058,1003)  (1014,1003)  (971,959)  (971,915)  (1057,828)  (1147,905)  (1147,949)  (991,827)  (1035,784)  
Unknown Regions 2  (1234,773)  (1190,816)  (1190,772)  (1277,817)  (1234,729)  (1278,729)  (1278,773)  (1188,728)  (1233,860)  (1146,786)  (1321,817)  (1285,861)  (1232,685)  (1144,742)  (1144,698)  (1188,684)  (1100,722)  
Unknown Regions 3  (1391,651)  (1347,694)  (1347,650)  (1434,695)  (1391,607)  (1435,613)  (1345,606)  (1390,738)  (1478,677)  (1478,721)  (1434,739)  (1389,563)  (1301,638)  (1301,594)  (1345,562)  
Unknown Regions 4  (1545,549)  (1501,590)  (1501,546)  (1588,593)  (1545,505)  (1589,540)  (1497,502)  (1544,634)  (1602,637)  (1541,461)  (1453,519)  (1495,458)  
Unknown Regions 5  (1676,455)  (1632,480)  (1632,436)  (1719,499)  (1676,411)  (1720,444)  (1612,392)  (1675,524)  (1735,543)  (1656,367)  (1691,568)  
Unknown Regions 6  (1219,404)  (1175,447)  (1175,403)  (1262,448)  (1219,360)  (1263,360)  (1263,404)  (1173,359)  (1218,491)  (1131,409)  (1306,448)  (1306,492)  (1262,492)  (1217,316)  (1129,365)  (1129,321)  (1173,315)  (1253,536)  (1085,347)  
Unknown Regions 7  (1400,321)  (1356,364)  (1356,320)  (1443,365)  (1400,277)  (1444,281)  (1354,276)  (1399,408)  (1487,357)  (1446,409)  (1398,233)  (1310,307)  (1310,263)  (1354,232)  
Unknown Regions 8  (1581,237)  (1537,280)  (1537,236)  (1624,281)  (1581,193)  (1625,193)  (1625,237)  (1535,192)  (1575,324)  (1491,228)  (1491,184)  
Velcar Sector  (2210,149)  (2166,175)  (2166,131)  (2253,193)  (2210,105)  (2254,131)  (2122,158)  (2122,114)  (2297,203)  (2253,237)  (2307,247)  (2078,150)  (2078,106)  (2315,291)  (2034,115)  (2300,335)  
Veragi Sector  (3108,127)  (3064,157)  (3064,113)  (3151,171)  (3108,83)  (3152,126)  (3049,69)  (3107,201)  (3181,215)  (3005,66)  
Vivenda Sector  (1273,1524)  (1229,1567)  (1229,1523)  (1277,1568)  (1273,1480)  (1317,1480)  (1317,1524)  (1217,1611)  (1185,1567)  (1185,1523)  (1304,1436)  (1361,1457)  (1361,1501)  (1173,1623)  (1141,1579)  (1138,1667)  
Wazta Sector  (1182,1142)  (1138,1185)  (1138,1141)  (1225,1186)  (1182,1098)  (1226,1098)  (1226,1142)  (1136,1097)  (1181,1229)  (1137,1229)  (1094,1185)  (1094,1141)  (1269,1186)  (1228,1230)  (1093,1230)  (1180,1054)  (1224,1054)  (1270,1076)  (1270,1120)  (1092,1097)  (1131,1053)  (1170,1273)  (1050,1186)  (1050,1142)  (1313,1164)  (1126,1274)  (1192,1010)  (1006,1142)  
Wyl Sector  (4742,423)  (4698,466)  (4698,422)  (4785,467)  (4742,379)  (4786,379)  (4786,423)  (4696,378)  (4741,510)  (4697,510)  (4654,466)  (4740,335)  (4784,335)  (4830,387)  
Yavin Moon  (4094,993)  (4046,993)  (4143,993)  (4091,1040)  (4091,943)  (4044,1040)  (4045,946)  (4141,946)  (4141,1040)  (4094,1086)  (3995,993)  (4093,894)  (4192,990)  (4190,945)  (4144,896)  (4043,895)  (3995,944)  (3995,1040)  (4045,1089)  (4142,1090)  (4190,1038)  
Yavin Orbit A  (3901,989)  (3919,1033)  (3892,945)  (3930,1077)  (3911,901)  (3955,871)  (3960,1121)  (3999,836)  (4004,1153)  (4043,821)  (4053,1167)  
Yavin Orbit B  (4288,993)  (4294,1037)  (4266,949)  (4276,1081)  (4252,905)  (4232,1114)  (4220,861)  (4188,1150)  (4175,831)  (4144,1166)  (4120,819)  
Zuma Sector  (854,1067)  (810,1107)  (810,1063)  (867,1023)  (898,1067)  (911,1010)  (766,1107)  (766,1063)  (942,1054)  (942,1098)  (722,1107)  (722,1063)  (678,1077)  (468,827)  
